,RMSD,$INF_{all}$,DI,MCQ,GDT-TS,CAD-score,εRMSD,TM-score,lDDT,MAE
RMSD,10.0,5.12,8.67,2.96,6.2,5.07,5.48,6.19,5.69,2.72
$INF_{all}$,5.12,10.0,5.48,2.95,4.7,5.57,6.41,4.7,5.57,3.32
DI,8.67,5.48,10.0,3.46,6.19,5.19,5.6,6.32,6.05,3.21
MCQ,2.96,2.95,3.46,10.0,3.45,3.45,3.45,3.45,3.95,7.73
GDT-TS,6.2,4.7,6.19,3.45,10.0,5.32,5.56,7.11,6.44,3.57
CAD-score,5.07,5.57,5.19,3.45,5.32,10.0,5.95,5.44,6.8,3.7
εRMSD,5.48,6.41,5.6,3.45,5.56,5.95,10.0,5.07,6.43,3.82
TM-score,6.19,4.7,6.32,3.45,7.11,5.44,5.07,10.0,6.22,3.45
lDDT,5.69,5.57,6.05,3.95,6.44,6.8,6.43,6.22,10.0,4.2
MAE,2.72,3.32,3.21,7.73,3.57,3.7,3.82,3.45,4.2,10.0
