,RMSD,$INF_{all}$,DI,MCQ,GDT-TS,CAD-score,εRMSD,TM-score,lDDT,MAE
RMSD,1.0,0.68,0.95,0.35,0.73,0.75,0.71,0.71,0.59,0.36
$INF_{all}$,0.68,1.0,0.8,0.52,0.76,0.9,0.9,0.72,0.73,0.55
DI,0.95,0.8,1.0,0.43,0.69,0.78,0.75,0.65,0.61,0.43
MCQ,0.35,0.52,0.43,1.0,0.44,0.55,0.51,0.39,0.51,0.95
GDT-TS,0.73,0.76,0.69,0.44,1.0,0.87,0.84,0.91,0.7,0.47
CAD-score,0.75,0.9,0.78,0.55,0.87,1.0,0.93,0.84,0.77,0.59
εRMSD,0.71,0.9,0.75,0.51,0.84,0.93,1.0,0.81,0.79,0.52
TM-score,0.71,0.72,0.65,0.39,0.91,0.84,0.81,1.0,0.71,0.45
lDDT,0.59,0.73,0.61,0.51,0.7,0.77,0.79,0.71,1.0,0.47
MAE,0.36,0.55,0.43,0.95,0.47,0.59,0.52,0.45,0.47,1.0
